./train_data/img/FLIR_00001.jpeg 202,190,334,312,1 405,193,493,270,1 80,220,128,248,1 129,219,157,253,1
./train_data/img/FLIR_00002.jpeg 396,200,543,250,1 324,206,345,225,1 273,196,287,210,1 307,197,322,211,1 262,195,274,208,1 252,198,265,212,1
./train_data/img/FLIR_00003.jpeg 231,225,266,253,1 267,225,281,246,1 320,227,334,241,1 298,228,312,240,1 278,226,292,242,1
./train_data/img/FLIR_00004.jpeg 58,209,196,294,1 192,229,211,259,1 290,234,306,250,1 211,232,227,255,1 226,236,242,252,1 58,233,71,253,0 251,239,264,251,1 328,230,353,254,1 242,236,251,252,1 318,237,330,253,1
./train_data/img/FLIR_00005.jpeg 430,202,620,310,1 364,192,441,264,1 0,201,108,356,1 101,210,156,250,1 233,206,263,233,1 291,207,322,234,1 154,212,181,246,1 348,213,367,241,1 339,209,355,236,1 330,208,347,232,1
./train_data/img/FLIR_00006.jpeg 374,165,630,377,1 0,225,76,308,1
./train_data/img/FLIR_00007.jpeg 281,217,323,253,1 225,225,242,241,1
./train_data/img/FLIR_00008.jpeg 291,212,334,252,1 224,214,241,236,1 198,218,225,242,1
./train_data/img/FLIR_00009.jpeg 283,222,324,258,1 261,214,281,232,1 274,202,290,217,1
./train_data/img/FLIR_00010.jpeg 32,229,54,284,0 174,225,213,255,1 218,221,243,243,1 318,216,346,236,1 242,216,253,232,1 298,206,310,217,1 253,212,265,228,1 260,221,280,238,1 280,206,291,216,1
./train_data/img/FLIR_00011.jpeg 398,211,512,298,1 222,221,265,261,1 322,229,342,245,1 302,225,319,242,1
./train_data/img/FLIR_00012.jpeg 44,235,82,265,1
./train_data/img/FLIR_00013.jpeg 174,225,234,273,1 344,237,379,264,1 336,231,361,254,1 249,233,277,255,1 232,232,251,263,1 276,232,295,253,1
./train_data/img/FLIR_00014.jpeg 211,211,221,237,0 265,209,297,240,1 217,212,265,232,1 294,214,332,230,1 186,211,205,227,1 154,211,173,227,1 363,212,411,231,1
./train_data/img/FLIR_00015.jpeg 112,219,127,232,1 0,237,29,258,1 269,235,279,254,0
./train_data/img/FLIR_00016.jpeg 171,221,250,285,1 136,255,166,278,1 56,247,107,284,1 8,246,58,285,1 0,258,18,289,1
./train_data/img/FLIR_00017.jpeg 17,241,77,278,1 76,252,103,276,1 158,258,188,274,1 304,260,325,274,1
./train_data/img/FLIR_00018.jpeg 10,206,188,329,1 283,250,313,280,1 246,255,272,278,1 205,260,226,276,1 268,259,282,274,1 230,261,245,274,1
./train_data/img/FLIR_00019.jpeg 0,218,86,342,1 590,205,639,380,1 418,270,477,310,1 382,283,401,297,1 323,279,341,291,1
./train_data/img/FLIR_00020.jpeg 522,185,639,349,1 541,216,592,252,1
./train_data/img/FLIR_00021.jpeg 272,171,297,194,1 173,156,213,179,1 260,170,273,189,1
./train_data/img/FLIR_00022.jpeg 192,257,233,289,1
./train_data/img/FLIR_00024.jpeg 432,177,639,400,1 381,233,432,325,1 307,237,378,288,1 66,241,126,282,1 181,241,208,261,1 145,238,173,256,1 124,243,144,257,1
./train_data/img/FLIR_00025.jpeg 50,181,348,347,1 348,230,386,297,1 395,217,503,260,1 0,225,36,301,1
./train_data/img/FLIR_00026.jpeg 328,210,439,264,1
./train_data/img/FLIR_00027.jpeg 315,261,344,281,1 338,260,359,279,1
./train_data/img/FLIR_00028.jpeg 483,257,499,286,0 496,256,511,287,0
./train_data/img/FLIR_00030.jpeg 336,213,402,257,1 123,213,178,269,1
./train_data/img/FLIR_00031.jpeg 520,237,545,263,1
./train_data/img/FLIR_00032.jpeg 39,215,119,273,1 284,206,315,222,1 380,201,408,219,1
./train_data/img/FLIR_00033.jpeg 212,236,281,276,1
./train_data/img/FLIR_00035.jpeg 26,241,102,291,1
./train_data/img/FLIR_00036.jpeg 525,162,607,208,1
./train_data/img/FLIR_00038.jpeg 275,229,348,280,1 529,215,638,270,1 0,225,75,295,1 75,240,105,266,1 158,240,171,254,1
./train_data/img/FLIR_00039.jpeg 385,235,419,257,1
./train_data/img/FLIR_00040.jpeg 128,233,179,265,1 177,228,207,264,1 207,230,239,257,1 349,234,380,255,1 312,232,340,251,1
./train_data/img/FLIR_00041.jpeg 475,241,536,268,1 0,245,54,299,1 430,241,459,269,1
./train_data/img/FLIR_00042.jpeg 36,232,138,291,1 248,230,282,255,1 357,236,395,265,1 326,235,353,251,1
./train_data/img/FLIR_00043.jpeg 390,217,506,305,1 353,217,412,287,1 314,238,359,272,1 282,231,326,266,1 262,233,293,263,1 78,229,145,277,1 142,229,161,271,1 184,246,213,260,1 0,236,44,263,1
./train_data/img/FLIR_00044.jpeg 62,258,109,286,1
./train_data/img/FLIR_00045.jpeg 0,222,69,313,1 72,222,149,274,1 163,230,211,261,1 210,235,234,256,1 337,227,356,242,1 250,222,264,235,1 325,219,339,237,1
./train_data/img/FLIR_00046.jpeg 390,235,445,280,1 375,243,397,274,1 361,235,395,265,1 349,241,361,256,1
./train_data/img/FLIR_00047.jpeg 155,240,166,268,0
./train_data/img/FLIR_00049.jpeg 248,211,270,235,1
./train_data/img/FLIR_00050.jpeg 344,226,373,245,1
./train_data/img/FLIR_00051.jpeg 28,244,84,283,1 98,245,127,268,1 4,240,36,268,1
./train_data/img/FLIR_00052.jpeg 358,220,381,240,1 271,220,285,235,1 314,216,327,228,1
./train_data/img/FLIR_00053.jpeg 98,236,110,268,0
./train_data/img/FLIR_00054.jpeg 211,226,237,250,1 257,229,269,241,1
./train_data/img/FLIR_00055.jpeg 0,232,55,272,1
./train_data/img/FLIR_00056.jpeg 217,240,241,263,1
./train_data/img/FLIR_00057.jpeg 225,232,261,255,1 119,216,187,254,1
./train_data/img/FLIR_00058.jpeg 574,230,639,301,1
./train_data/img/FLIR_00060.jpeg 283,230,293,238,1
./train_data/img/FLIR_00062.jpeg 200,232,227,261,1
./train_data/img/FLIR_00065.jpeg 349,223,391,263,1 0,214,52,342,1
./train_data/img/FLIR_00070.jpeg 281,239,302,255,1
./train_data/img/FLIR_00074.jpeg 0,225,73,266,1
./train_data/img/FLIR_00076.jpeg 121,237,213,297,1
./train_data/img/FLIR_00084.jpeg 301,232,316,245,1
./train_data/img/FLIR_00086.jpeg 296,198,359,229,1
./train_data/img/FLIR_00087.jpeg 0,220,84,335,1 494,197,639,371,1 468,212,529,311,1 40,226,162,294,1 0,221,124,301,1 89,221,217,292,1 389,246,473,291,1 350,250,401,287,1 272,250,326,275,1 250,246,278,274,1 234,245,257,272,1 211,246,241,270,1
./train_data/img/FLIR_00088.jpeg 342,166,612,400,1 0,180,237,375,1 314,210,340,271,0 260,207,280,270,0 280,213,293,269,0 291,220,303,270,0 240,216,260,272,0 302,222,315,270,0
./train_data/img/FLIR_00089.jpeg 528,197,639,327,1 433,230,536,281,1 407,232,468,270,1 405,221,472,268,1 370,229,414,268,1 0,196,128,356,1 43,200,228,298,1
./train_data/img/FLIR_00091.jpeg 358,228,392,240,1
