img_data/training/FLIR_00001.jpg 202,190,334,312,3 405,193,493,270,3 80,220,128,248,3 129,219,157,253,3
img_data/training/FLIR_00002.jpg 396,200,543,250,3 324,206,345,225,3 273,196,287,210,3 307,197,322,211,3 262,195,274,208,3 252,198,265,212,3
img_data/training/FLIR_00003.jpg 231,225,266,253,3 267,225,281,246,3 320,227,334,241,3 298,228,312,240,3 278,226,292,242,3
img_data/training/FLIR_00004.jpg 58,209,196,294,3 192,229,211,259,3 290,234,306,250,3 211,232,227,255,3 226,236,242,252,3 58,233,71,253,1 251,239,264,251,3 328,230,353,254,3 242,236,251,252,3 318,237,330,253,3
img_data/training/FLIR_00005.jpg 430,202,620,310,3 364,192,441,264,3 0,201,108,356,3 101,210,156,250,3 233,206,263,233,3 291,207,322,234,3 154,212,181,246,3 348,213,367,241,3 339,209,355,236,3 330,208,347,232,3
img_data/training/FLIR_00006.jpg 374,165,630,377,3 0,225,76,308,3
img_data/training/FLIR_00007.jpg 281,217,323,253,3 225,225,242,241,3
img_data/training/FLIR_00008.jpg 291,212,334,252,3 224,214,241,236,3 198,218,225,242,3
img_data/training/FLIR_00009.jpg 283,222,324,258,3 261,214,281,232,3 274,202,290,217,3
img_data/training/FLIR_00010.jpg 32,229,54,284,1 174,225,213,255,3 218,221,243,243,3 318,216,346,236,3 242,216,253,232,3 298,206,310,217,3 253,212,265,228,3 260,221,280,238,3 280,206,291,216,3
img_data/training/FLIR_00011.jpg 398,211,512,298,3 222,221,265,261,3 322,229,342,245,3 302,225,319,242,3
img_data/training/FLIR_00012.jpg 44,235,82,265,3
img_data/training/FLIR_00013.jpg 174,225,234,273,3 344,237,379,264,3 336,231,361,254,3 249,233,277,255,3 232,232,251,263,3 276,232,295,253,3
img_data/training/FLIR_00014.jpg 211,211,221,237,1 265,209,297,240,3 217,212,265,232,3 294,214,332,230,3 186,211,205,227,3 154,211,173,227,3 363,212,411,231,3
img_data/training/FLIR_00015.jpg 112,219,127,232,3 0,237,29,258,3 269,235,279,254,1
img_data/training/FLIR_00016.jpg 171,221,250,285,3 136,255,166,278,3 56,247,107,284,3 8,246,58,285,3 0,258,18,289,3
img_data/training/FLIR_00017.jpg 17,241,77,278,3 76,252,103,276,3 158,258,188,274,3 304,260,325,274,3
img_data/training/FLIR_00018.jpg 10,206,188,329,3 283,250,313,280,3 246,255,272,278,3 205,260,226,276,3 268,259,282,274,3 230,261,245,274,3
img_data/training/FLIR_00019.jpg 0,218,86,342,3 590,205,639,380,3 418,270,477,310,3 382,283,401,297,3 323,279,341,291,3
img_data/training/FLIR_00020.jpg 522,185,639,349,3 541,216,592,252,3
img_data/training/FLIR_00021.jpg 272,171,297,194,3 173,156,213,179,3 260,170,273,189,3
img_data/training/FLIR_00022.jpg 192,257,233,289,3
img_data/training/FLIR_00024.jpg 432,177,639,400,3 381,233,432,325,3 307,237,378,288,3 66,241,126,282,3 181,241,208,261,3 145,238,173,256,3 124,243,144,257,3
img_data/training/FLIR_00025.jpg 50,181,348,347,3 348,230,386,297,3 395,217,503,260,3 0,225,36,301,3
img_data/training/FLIR_00026.jpg 328,210,439,264,3
img_data/training/FLIR_00027.jpg 315,261,344,281,3 338,260,359,279,3
img_data/training/FLIR_00028.jpg 483,257,499,286,1 496,256,511,287,1
img_data/training/FLIR_00030.jpg 336,213,402,257,3 123,213,178,269,3
img_data/training/FLIR_00031.jpg 520,237,545,263,3
img_data/training/FLIR_00032.jpg 39,215,119,273,3 284,206,315,222,3 380,201,408,219,3
img_data/training/FLIR_00033.jpg 212,236,281,276,3
img_data/training/FLIR_00035.jpg 26,241,102,291,3
img_data/training/FLIR_00036.jpg 525,162,607,208,3
img_data/training/FLIR_00038.jpg 275,229,348,280,3 529,215,638,270,3 0,225,75,295,3 75,240,105,266,3 158,240,171,254,3
img_data/training/FLIR_00039.jpg 385,235,419,257,3
img_data/training/FLIR_00040.jpg 128,233,179,265,3 177,228,207,264,3 207,230,239,257,3 349,234,380,255,3 312,232,340,251,3
img_data/training/FLIR_00041.jpg 475,241,536,268,3 0,245,54,299,3 430,241,459,269,3
img_data/training/FLIR_00042.jpg 36,232,138,291,3 248,230,282,255,3 357,236,395,265,3 326,235,353,251,3
img_data/training/FLIR_00043.jpg 390,217,506,305,3 353,217,412,287,3 314,238,359,272,3 282,231,326,266,3 262,233,293,263,3 78,229,145,277,3 142,229,161,271,3 184,246,213,260,3 0,236,44,263,3
img_data/training/FLIR_00044.jpg 62,258,109,286,3
img_data/training/FLIR_00045.jpg 0,222,69,313,3 72,222,149,274,3 163,230,211,261,3 210,235,234,256,3 337,227,356,242,3 250,222,264,235,3 325,219,339,237,3
img_data/training/FLIR_00046.jpg 390,235,445,280,3 375,243,397,274,3 361,235,395,265,3 349,241,361,256,3
img_data/training/FLIR_00047.jpg 155,240,166,268,1
img_data/training/FLIR_00049.jpg 248,211,270,235,3
img_data/training/FLIR_00050.jpg 344,226,373,245,3
img_data/training/FLIR_00051.jpg 28,244,84,283,3 98,245,127,268,3 4,240,36,268,3
img_data/training/FLIR_00052.jpg 358,220,381,240,3 271,220,285,235,3 314,216,327,228,3
img_data/training/FLIR_00053.jpg 98,236,110,268,1
img_data/training/FLIR_00054.jpg 211,226,237,250,3 257,229,269,241,3
img_data/training/FLIR_00055.jpg 0,232,55,272,3
img_data/training/FLIR_00056.jpg 217,240,241,263,3
img_data/training/FLIR_00057.jpg 225,232,261,255,3 119,216,187,254,3
img_data/training/FLIR_00058.jpg 574,230,639,301,3
img_data/training/FLIR_00060.jpg 283,230,293,238,3
img_data/training/FLIR_00062.jpg 200,232,227,261,3
img_data/training/FLIR_00065.jpg 349,223,391,263,3 0,214,52,342,3
img_data/training/FLIR_00070.jpg 281,239,302,255,3
img_data/training/FLIR_00074.jpg 0,225,73,266,3
img_data/training/FLIR_00076.jpg 121,237,213,297,3
img_data/training/FLIR_00084.jpg 301,232,316,245,3
img_data/training/FLIR_00086.jpg 296,198,359,229,3
img_data/training/FLIR_00087.jpg 0,220,84,335,3 494,197,639,371,3 468,212,529,311,3 40,226,162,294,3 0,221,124,301,3 89,221,217,292,3 389,246,473,291,3 350,250,401,287,3 272,250,326,275,3 250,246,278,274,3 234,245,257,272,3 211,246,241,270,3
img_data/training/FLIR_00088.jpg 342,166,612,400,3 0,180,237,375,3 314,210,340,271,1 260,207,280,270,1 280,213,293,269,1 291,220,303,270,1 240,216,260,272,1 302,222,315,270,1
img_data/training/FLIR_00089.jpg 528,197,639,327,3 433,230,536,281,3 407,232,468,270,3 405,221,472,268,3 370,229,414,268,3 0,196,128,356,3 43,200,228,298,3
img_data/training/FLIR_00091.jpg 358,228,392,240,3
img_data/training/FLIR_00092.jpg 0,227,66,274,3 124,229,166,255,3 243,226,272,244,3 324,213,347,233,3
img_data/training/FLIR_00095.jpg 226,225,250,247,3 163,224,181,239,3 216,226,231,237,3
img_data/training/FLIR_00097.jpg 118,218,211,281,3 36,221,123,284,3 242,228,269,250,3 268,232,282,245,3 211,230,228,251,3
img_data/training/FLIR_00098.jpg 425,210,553,296,3
img_data/training/FLIR_00099.jpg 313,228,324,241,3 284,229,297,242,3
img_data/training/FLIR_00100.jpg 80,220,185,286,3 319,240,336,253,3
img_data/training/FLIR_00102.jpg 226,210,265,244,3 308,214,324,229,3
img_data/training/FLIR_00103.jpg 163,219,182,235,3
img_data/training/FLIR_00105.jpg 268,201,335,265,3 76,217,140,259,3 166,215,204,245,3 200,213,227,239,3 225,215,241,234,3 353,212,406,233,3 240,215,254,230,3 0,217,23,266,3
img_data/training/FLIR_00106.jpg 274,212,325,254,3 99,222,120,241,3
img_data/training/FLIR_00107.jpg 272,219,308,255,3 105,215,155,256,3 173,224,187,241,3
img_data/training/FLIR_00108.jpg 366,211,404,247,3 316,212,345,235,3 0,206,72,279,3 406,213,425,226,3 456,210,514,255,3 513,200,571,237,3 446,210,462,223,3
img_data/training/FLIR_00109.jpg 305,229,333,256,3
img_data/training/FLIR_00110.jpg 288,206,316,232,3 215,208,244,236,3 254,198,271,215,3
img_data/training/FLIR_00111.jpg 286,202,366,277,3 393,215,402,233,1
img_data/training/FLIR_00112.jpg 212,214,262,254,3 180,222,211,248,3
img_data/training/FLIR_00113.jpg 256,203,327,278,3 224,242,243,255,3 203,242,215,252,3 192,240,202,248,3
img_data/training/FLIR_00114.jpg 277,196,353,279,3
img_data/training/FLIR_00115.jpg 279,209,323,253,3 496,214,617,273,3 410,216,456,248,3 61,218,121,241,3
img_data/training/FLIR_00116.jpg 266,208,322,261,3 226,206,246,219,3
img_data/training/FLIR_00117.jpg 339,218,355,233,3
img_data/training/FLIR_00118.jpg 345,225,364,240,3 367,227,380,237,3
img_data/training/FLIR_00119.jpg 224,218,244,236,3 217,220,227,231,3 83,220,108,242,3 613,188,639,265,1
img_data/training/FLIR_00120.jpg 266,214,326,268,3 548,210,591,237,3
img_data/training/FLIR_00121.jpg 278,205,353,274,3 375,213,420,255,3 566,218,639,320,3 172,229,200,242,3 220,228,249,242,3
img_data/training/FLIR_00122.jpg 292,203,394,291,3 0,183,163,323,3 585,237,639,326,3 471,218,607,293,3 433,208,512,272,3 389,208,445,258,3 381,202,426,236,3
img_data/training/FLIR_00123.jpg 262,203,326,265,3 384,221,418,244,3 331,217,355,238,3 360,220,378,238,3 192,217,216,236,3
img_data/training/FLIR_00124.jpg 273,202,355,280,3 344,213,360,239,3
img_data/training/FLIR_00125.jpg 281,219,334,266,3 249,220,265,233,3 266,219,278,231,3
img_data/training/FLIR_00126.jpg 266,216,308,255,3 611,224,639,314,3 245,222,265,238,3
img_data/training/FLIR_00127.jpg 282,204,348,266,3
img_data/training/FLIR_00128.jpg 228,208,308,278,3 113,217,155,253,3 181,227,204,244,3
img_data/training/FLIR_00130.jpg 242,221,279,246,3 276,219,299,241,3
img_data/training/FLIR_00132.jpg 0,187,167,310,3 290,218,300,230,3
img_data/training/FLIR_00134.jpg 36,169,433,468,3 386,180,487,263,3 0,206,86,265,3
img_data/training/FLIR_00137.jpg 253,203,272,221,3 291,202,306,217,3 567,194,639,239,3